参数设置： pop_size = 10 iteration = 300 w = 0.8 c1 = 2 c2 = 2 car_count = 5 car_load = 200 r = 10
路径[5, 17, 16, 19, 9, 8, 10, 18, 6, 2, 22, 12, 4, 20, 11, 14, 7, 3, 15, 23, 13, 21, 1]第1代的全局最优为:81.970752629342
路径[15, 20, 5, 7, 17, 12, 14, 22, 2, 11, 19, 16, 21, 6, 23, 10, 9, 3, 8, 4, 13, 1, 18]第2代的全局最优为:61.79254116264161
路径[11, 19, 21, 5, 15, 10, 20, 17, 16, 22, 6, 8, 4, 18, 23, 13, 2, 1, 3, 14, 7, 9, 12]第3代的全局最优为:49.7265272906955
路径[11, 19, 21, 5, 15, 10, 20, 17, 16, 22, 6, 8, 4, 18, 23, 13, 2, 1, 3, 14, 7, 9, 12]第4代的全局最优为:49.7265272906955
路径[11, 19, 21, 5, 15, 10, 20, 17, 16, 22, 6, 8, 4, 18, 23, 13, 2, 1, 3, 14, 7, 9, 12]第5代的全局最优为:49.7265272906955
路径[11, 19, 21, 5, 15, 10, 20, 17, 16, 22, 6, 8, 4, 18, 23, 13, 2, 1, 3, 14, 7, 9, 12]第6代的全局最优为:49.7265272906955
路径[11, 19, 21, 5, 15, 10, 20, 17, 16, 22, 6, 8, 4, 18, 23, 13, 2, 1, 3, 14, 7, 9, 12]第7代的全局最优为:49.7265272906955
路径[11, 19, 21, 5, 15, 10, 20, 17, 16, 22, 6, 8, 4, 18, 23, 13, 2, 1, 3, 14, 7, 9, 12]第8代的全局最优为:49.7265272906955
路径[11, 19, 21, 5, 15, 10, 20, 17, 16, 22, 6, 8, 4, 18, 23, 13, 2, 1, 3, 14, 7, 9, 12]第9代的全局最优为:49.7265272906955
路径[11, 19, 21, 5, 15, 10, 20, 17, 16, 22, 6, 8, 4, 18, 23, 13, 2, 1, 3, 14, 7, 9, 12]第10代的全局最优为:49.7265272906955
路径[6, 23, 11, 5, 22, 13, 9, 21, 16, 7, 14, 2, 1, 4, 8, 20, 19, 15, 10, 18, 3, 17, 12]第11代的全局最优为:46.03934806215798
路径[6, 23, 11, 5, 22, 13, 9, 21, 16, 7, 14, 2, 1, 4, 8, 20, 19, 15, 10, 18, 3, 17, 12]第12代的全局最优为:46.03934806215798
路径[6, 23, 11, 5, 22, 13, 9, 21, 16, 7, 14, 2, 1, 4, 8, 20, 19, 15, 10, 18, 3, 17, 12]第13代的全局最优为:46.03934806215798
路径[6, 23, 11, 5, 22, 13, 9, 21, 16, 7, 14, 2, 1, 4, 8, 20, 19, 15, 10, 18, 3, 17, 12]第14代的全局最优为:46.03934806215798
路径[6, 23, 11, 5, 22, 13, 9, 21, 16, 7, 14, 2, 1, 4, 8, 20, 19, 15, 10, 18, 3, 17, 12]第15代的全局最优为:46.03934806215798
路径[6, 23, 11, 5, 22, 13, 9, 21, 16, 7, 14, 2, 1, 4, 8, 20, 19, 15, 10, 18, 3, 17, 12]第16代的全局最优为:46.03934806215798
路径[6, 23, 11, 5, 22, 13, 9, 21, 16, 7, 14, 2, 1, 4, 8, 20, 19, 15, 10, 18, 3, 17, 12]第17代的全局最优为:46.03934806215798
路径[6, 23, 11, 5, 22, 13, 9, 21, 16, 7, 14, 2, 1, 4, 8, 20, 19, 15, 10, 18, 3, 17, 12]第18代的全局最优为:46.03934806215798
路径[6, 23, 11, 5, 22, 13, 9, 21, 16, 7, 14, 2, 1, 4, 8, 20, 19, 15, 10, 18, 3, 17, 12]第19代的全局最优为:46.03934806215798
路径[12, 11, 16, 21, 13, 22, 10, 9, 23, 7, 20, 1, 18, 17, 3, 15, 5, 14, 8, 4, 19, 6, 2]第20代的全局最优为:20.495749769045283
路径[12, 11, 16, 21, 13, 22, 10, 9, 23, 7, 20, 1, 18, 17, 3, 15, 5, 14, 8, 4, 19, 6, 2]第21代的全局最优为:20.495749769045283
路径[6, 23, 22, 11, 21, 7, 19, 9, 15, 20, 17, 14, 16, 13, 4, 18, 10, 5, 3, 1, 2, 12, 8]第22代的全局最优为:6.328680300218149
路径[6, 23, 22, 11, 21, 7, 19, 9, 15, 20, 17, 14, 16, 13, 4, 18, 10, 5, 3, 1, 2, 12, 8]第23代的全局最优为:6.328680300218149
路径[6, 23, 22, 11, 21, 7, 19, 9, 15, 20, 17, 14, 16, 13, 4, 18, 10, 5, 3, 1, 2, 12, 8]第24代的全局最优为:6.328680300218149
路径[6, 23, 22, 11, 21, 7, 19, 9, 15, 20, 17, 14, 16, 13, 4, 18, 10, 5, 3, 1, 2, 12, 8]第25代的全局最优为:6.328680300218149
路径[6, 23, 22, 11, 21, 7, 19, 9, 15, 20, 17, 14, 16, 13, 4, 18, 10, 5, 3, 1, 2, 12, 8]第26代的全局最优为:6.328680300218149
路径[6, 23, 22, 11, 21, 7, 19, 9, 15, 20, 17, 14, 16, 13, 4, 18, 10, 5, 3, 1, 2, 12, 8]第27代的全局最优为:6.328680300218149
路径[6, 23, 22, 11, 21, 7, 19, 9, 15, 20, 17, 14, 16, 13, 4, 18, 10, 5, 3, 1, 2, 12, 8]第28代的全局最优为:6.328680300218149
路径[6, 23, 22, 11, 21, 7, 19, 9, 15, 20, 17, 14, 16, 13, 4, 18, 10, 5, 3, 1, 2, 12, 8]第29代的全局最优为:6.328680300218149
路径[6, 23, 22, 11, 21, 7, 19, 9, 15, 20, 17, 14, 16, 13, 4, 18, 10, 5, 3, 1, 2, 12, 8]第30代的全局最优为:6.328680300218149
路径[6, 23, 22, 11, 21, 7, 19, 9, 15, 20, 17, 14, 16, 13, 4, 18, 10, 5, 3, 1, 2, 12, 8]第31代的全局最优为:6.328680300218149
路径[6, 23, 22, 11, 21, 7, 19, 9, 15, 20, 17, 14, 16, 13, 4, 18, 10, 5, 3, 1, 2, 12, 8]第32代的全局最优为:6.328680300218149
路径[6, 23, 22, 11, 21, 7, 19, 9, 15, 20, 17, 14, 16, 13, 4, 18, 10, 5, 3, 1, 2, 12, 8]第33代的全局最优为:6.328680300218149
路径[6, 23, 22, 11, 21, 7, 19, 9, 15, 20, 17, 14, 16, 13, 4, 18, 10, 5, 3, 1, 2, 12, 8]第34代的全局最优为:6.328680300218149
路径[6, 23, 22, 11, 21, 7, 19, 9, 15, 20, 17, 14, 16, 13, 4, 18, 10, 5, 3, 1, 2, 12, 8]第35代的全局最优为:6.328680300218149
路径[6, 23, 22, 11, 21, 7, 19, 9, 15, 20, 17, 14, 16, 13, 4, 18, 10, 5, 3, 1, 2, 12, 8]第36代的全局最优为:6.328680300218149
路径[6, 23, 22, 11, 21, 7, 19, 9, 15, 20, 17, 14, 16, 13, 4, 18, 10, 5, 3, 1, 2, 12, 8]第37代的全局最优为:6.328680300218149
路径[6, 23, 22, 11, 21, 7, 19, 9, 15, 20, 17, 14, 16, 13, 4, 18, 10, 5, 3, 1, 2, 12, 8]第38代的全局最优为:6.328680300218149
路径[6, 23, 22, 11, 21, 7, 19, 9, 15, 20, 17, 14, 16, 13, 4, 18, 10, 5, 3, 1, 2, 12, 8]第39代的全局最优为:6.328680300218149
路径[6, 23, 22, 11, 21, 7, 19, 9, 15, 20, 17, 14, 16, 13, 4, 18, 10, 5, 3, 1, 2, 12, 8]第40代的全局最优为:6.328680300218149
路径[6, 23, 22, 11, 21, 7, 19, 9, 15, 20, 17, 14, 16, 13, 4, 18, 10, 5, 3, 1, 2, 12, 8]第41代的全局最优为:6.328680300218149
路径[6, 23, 22, 11, 21, 7, 19, 9, 15, 20, 17, 14, 16, 13, 4, 18, 10, 5, 3, 1, 2, 12, 8]第42代的全局最优为:6.328680300218149
路径[6, 23, 22, 11, 21, 7, 19, 9, 15, 20, 17, 14, 16, 13, 4, 18, 10, 5, 3, 1, 2, 12, 8]第43代的全局最优为:6.328680300218149
路径[6, 23, 22, 11, 21, 7, 19, 9, 15, 20, 17, 14, 16, 13, 4, 18, 10, 5, 3, 1, 2, 12, 8]第44代的全局最优为:6.328680300218149
路径[6, 23, 22, 11, 21, 7, 19, 9, 15, 20, 17, 14, 16, 13, 4, 18, 10, 5, 3, 1, 2, 12, 8]第45代的全局最优为:6.328680300218149
路径[6, 23, 22, 11, 21, 7, 19, 9, 15, 20, 17, 14, 16, 13, 4, 18, 10, 5, 3, 1, 2, 12, 8]第46代的全局最优为:6.328680300218149
路径[6, 23, 22, 11, 21, 7, 19, 9, 15, 20, 17, 14, 16, 13, 4, 18, 10, 5, 3, 1, 2, 12, 8]第47代的全局最优为:6.328680300218149
路径[6, 23, 22, 11, 21, 7, 19, 9, 15, 20, 17, 14, 16, 13, 4, 18, 10, 5, 3, 1, 2, 12, 8]第48代的全局最优为:6.328680300218149
路径[6, 23, 22, 11, 21, 7, 19, 9, 15, 20, 17, 14, 16, 13, 4, 18, 10, 5, 3, 1, 2, 12, 8]第49代的全局最优为:6.328680300218149
路径[6, 23, 22, 11, 21, 7, 19, 9, 15, 20, 17, 14, 16, 13, 4, 18, 10, 5, 3, 1, 2, 12, 8]第50代的全局最优为:6.328680300218149
路径[6, 23, 22, 11, 21, 7, 19, 9, 15, 20, 17, 14, 16, 13, 4, 18, 10, 5, 3, 1, 2, 12, 8]第51代的全局最优为:6.328680300218149
路径[6, 23, 22, 11, 21, 7, 19, 9, 15, 20, 17, 14, 16, 13, 4, 18, 10, 5, 3, 1, 2, 12, 8]第52代的全局最优为:6.328680300218149
路径[6, 23, 22, 11, 21, 7, 19, 9, 15, 20, 17, 14, 16, 13, 4, 18, 10, 5, 3, 1, 2, 12, 8]第53代的全局最优为:6.328680300218149
路径[6, 23, 22, 11, 21, 7, 19, 9, 15, 20, 17, 14, 16, 13, 4, 18, 10, 5, 3, 1, 2, 12, 8]第54代的全局最优为:6.328680300218149
路径[6, 23, 22, 11, 21, 7, 19, 9, 15, 20, 17, 14, 16, 13, 4, 18, 10, 5, 3, 1, 2, 12, 8]第55代的全局最优为:6.328680300218149
路径[6, 23, 22, 11, 21, 7, 19, 9, 15, 20, 17, 14, 16, 13, 4, 18, 10, 5, 3, 1, 2, 12, 8]第56代的全局最优为:6.328680300218149
路径[6, 23, 22, 11, 21, 7, 19, 9, 15, 20, 17, 14, 16, 13, 4, 18, 10, 5, 3, 1, 2, 12, 8]第57代的全局最优为:6.328680300218149
路径[6, 23, 22, 11, 21, 7, 19, 9, 15, 20, 17, 14, 16, 13, 4, 18, 10, 5, 3, 1, 2, 12, 8]第58代的全局最优为:6.328680300218149
路径[6, 23, 22, 11, 21, 7, 19, 9, 15, 20, 17, 14, 16, 13, 4, 18, 10, 5, 3, 1, 2, 12, 8]第59代的全局最优为:6.328680300218149
路径[6, 23, 22, 11, 21, 7, 19, 9, 15, 20, 17, 14, 16, 13, 4, 18, 10, 5, 3, 1, 2, 12, 8]第60代的全局最优为:6.328680300218149
路径[6, 23, 22, 11, 21, 7, 19, 9, 15, 20, 17, 14, 16, 13, 4, 18, 10, 5, 3, 1, 2, 12, 8]第61代的全局最优为:6.328680300218149
路径[6, 23, 22, 11, 21, 7, 19, 9, 15, 20, 17, 14, 16, 13, 4, 18, 10, 5, 3, 1, 2, 12, 8]第62代的全局最优为:6.328680300218149
路径[6, 23, 22, 11, 21, 7, 19, 9, 15, 20, 17, 14, 16, 13, 4, 18, 10, 5, 3, 1, 2, 12, 8]第63代的全局最优为:6.328680300218149
路径[6, 23, 22, 11, 21, 7, 19, 9, 15, 20, 17, 14, 16, 13, 4, 18, 10, 5, 3, 1, 2, 12, 8]第64代的全局最优为:6.328680300218149
路径[6, 23, 22, 11, 21, 7, 19, 9, 15, 20, 17, 14, 16, 13, 4, 18, 10, 5, 3, 1, 2, 12, 8]第65代的全局最优为:6.328680300218149
路径[6, 23, 22, 11, 21, 7, 19, 9, 15, 20, 17, 14, 16, 13, 4, 18, 10, 5, 3, 1, 2, 12, 8]第66代的全局最优为:6.328680300218149
路径[6, 23, 22, 11, 21, 7, 19, 9, 15, 20, 17, 14, 16, 13, 4, 18, 10, 5, 3, 1, 2, 12, 8]第67代的全局最优为:6.328680300218149
路径[6, 23, 22, 11, 21, 7, 19, 9, 15, 20, 17, 14, 16, 13, 4, 18, 10, 5, 3, 1, 2, 12, 8]第68代的全局最优为:6.328680300218149
路径[6, 23, 22, 11, 21, 7, 19, 9, 15, 20, 17, 14, 16, 13, 4, 18, 10, 5, 3, 1, 2, 12, 8]第69代的全局最优为:6.328680300218149
路径[6, 23, 22, 11, 21, 7, 19, 9, 15, 20, 17, 14, 16, 13, 4, 18, 10, 5, 3, 1, 2, 12, 8]第70代的全局最优为:6.328680300218149
路径[6, 23, 22, 11, 21, 7, 19, 9, 15, 20, 17, 14, 16, 13, 4, 18, 10, 5, 3, 1, 2, 12, 8]第71代的全局最优为:6.328680300218149
路径[6, 23, 22, 11, 21, 7, 19, 9, 15, 20, 17, 14, 16, 13, 4, 18, 10, 5, 3, 1, 2, 12, 8]第72代的全局最优为:6.328680300218149
路径[6, 23, 22, 11, 21, 7, 19, 9, 15, 20, 17, 14, 16, 13, 4, 18, 10, 5, 3, 1, 2, 12, 8]第73代的全局最优为:6.328680300218149
路径[6, 23, 22, 11, 21, 7, 19, 9, 15, 20, 17, 14, 16, 13, 4, 18, 10, 5, 3, 1, 2, 12, 8]第74代的全局最优为:6.328680300218149
路径[6, 23, 22, 11, 21, 7, 19, 9, 15, 20, 17, 14, 16, 13, 4, 18, 10, 5, 3, 1, 2, 12, 8]第75代的全局最优为:6.328680300218149
路径[6, 23, 22, 11, 21, 7, 19, 9, 15, 20, 17, 14, 16, 13, 4, 18, 10, 5, 3, 1, 2, 12, 8]第76代的全局最优为:6.328680300218149
路径[6, 23, 22, 11, 21, 7, 19, 9, 15, 20, 17, 14, 16, 13, 4, 18, 10, 5, 3, 1, 2, 12, 8]第77代的全局最优为:6.328680300218149
路径[6, 23, 22, 11, 21, 7, 19, 9, 15, 20, 17, 14, 16, 13, 4, 18, 10, 5, 3, 1, 2, 12, 8]第78代的全局最优为:6.328680300218149
路径[6, 23, 22, 11, 21, 7, 19, 9, 15, 20, 17, 14, 16, 13, 4, 18, 10, 5, 3, 1, 2, 12, 8]第79代的全局最优为:6.328680300218149
路径[6, 23, 22, 11, 21, 7, 19, 9, 15, 20, 17, 14, 16, 13, 4, 18, 10, 5, 3, 1, 2, 12, 8]第80代的全局最优为:6.328680300218149
路径[6, 23, 22, 11, 21, 7, 19, 9, 15, 20, 17, 14, 16, 13, 4, 18, 10, 5, 3, 1, 2, 12, 8]第81代的全局最优为:6.328680300218149
路径[6, 23, 22, 11, 21, 7, 19, 9, 15, 20, 17, 14, 16, 13, 4, 18, 10, 5, 3, 1, 2, 12, 8]第82代的全局最优为:6.328680300218149
路径[6, 23, 22, 11, 21, 7, 19, 9, 15, 20, 17, 14, 16, 13, 4, 18, 10, 5, 3, 1, 2, 12, 8]第83代的全局最优为:6.328680300218149
路径[6, 23, 22, 11, 21, 7, 19, 9, 15, 20, 17, 14, 16, 13, 4, 18, 10, 5, 3, 1, 2, 12, 8]第84代的全局最优为:6.328680300218149
路径[6, 23, 22, 11, 21, 7, 19, 9, 15, 20, 17, 14, 16, 13, 4, 18, 10, 5, 3, 1, 2, 12, 8]第85代的全局最优为:6.328680300218149
路径[6, 23, 22, 11, 21, 7, 19, 9, 15, 20, 17, 14, 16, 13, 4, 18, 10, 5, 3, 1, 2, 12, 8]第86代的全局最优为:6.328680300218149
路径[6, 23, 22, 11, 21, 7, 19, 9, 15, 20, 17, 14, 16, 13, 4, 18, 10, 5, 3, 1, 2, 12, 8]第87代的全局最优为:6.328680300218149
路径[6, 23, 22, 11, 21, 7, 19, 9, 15, 20, 17, 14, 16, 13, 4, 18, 10, 5, 3, 1, 2, 12, 8]第88代的全局最优为:6.328680300218149
路径[6, 23, 22, 11, 21, 7, 19, 9, 15, 20, 17, 14, 16, 13, 4, 18, 10, 5, 3, 1, 2, 12, 8]第89代的全局最优为:6.328680300218149
路径[6, 23, 22, 11, 21, 7, 19, 9, 15, 20, 17, 14, 16, 13, 4, 18, 10, 5, 3, 1, 2, 12, 8]第90代的全局最优为:6.328680300218149
路径[6, 23, 22, 11, 21, 7, 19, 9, 15, 20, 17, 14, 16, 13, 4, 18, 10, 5, 3, 1, 2, 12, 8]第91代的全局最优为:6.328680300218149
路径[6, 23, 22, 11, 21, 7, 19, 9, 15, 20, 17, 14, 16, 13, 4, 18, 10, 5, 3, 1, 2, 12, 8]第92代的全局最优为:6.328680300218149
路径[6, 23, 22, 11, 21, 7, 19, 9, 15, 20, 17, 14, 16, 13, 4, 18, 10, 5, 3, 1, 2, 12, 8]第93代的全局最优为:6.328680300218149
路径[6, 23, 22, 11, 21, 7, 19, 9, 15, 20, 17, 14, 16, 13, 4, 18, 10, 5, 3, 1, 2, 12, 8]第94代的全局最优为:6.328680300218149
路径[6, 23, 22, 11, 21, 7, 19, 9, 15, 20, 17, 14, 16, 13, 4, 18, 10, 5, 3, 1, 2, 12, 8]第95代的全局最优为:6.328680300218149
路径[6, 23, 22, 11, 21, 7, 19, 9, 15, 20, 17, 14, 16, 13, 4, 18, 10, 5, 3, 1, 2, 12, 8]第96代的全局最优为:6.328680300218149
路径[6, 23, 22, 11, 21, 7, 19, 9, 15, 20, 17, 14, 16, 13, 4, 18, 10, 5, 3, 1, 2, 12, 8]第97代的全局最优为:6.328680300218149
路径[6, 23, 22, 11, 21, 7, 19, 9, 15, 20, 17, 14, 16, 13, 4, 18, 10, 5, 3, 1, 2, 12, 8]第98代的全局最优为:6.328680300218149
路径[6, 23, 22, 11, 21, 7, 19, 9, 15, 20, 17, 14, 16, 13, 4, 18, 10, 5, 3, 1, 2, 12, 8]第99代的全局最优为:6.328680300218149
路径[6, 23, 22, 11, 21, 7, 19, 9, 15, 20, 17, 14, 16, 13, 4, 18, 10, 5, 3, 1, 2, 12, 8]第100代的全局最优为:6.328680300218149
路径[6, 23, 22, 11, 21, 7, 19, 9, 15, 20, 17, 14, 16, 13, 4, 18, 10, 5, 3, 1, 2, 12, 8]第101代的全局最优为:6.328680300218149
路径[6, 23, 22, 11, 21, 7, 19, 9, 15, 20, 17, 14, 16, 13, 4, 18, 10, 5, 3, 1, 2, 12, 8]第102代的全局最优为:6.328680300218149
路径[6, 23, 22, 11, 21, 7, 19, 9, 15, 20, 17, 14, 16, 13, 4, 18, 10, 5, 3, 1, 2, 12, 8]第103代的全局最优为:6.328680300218149
路径[6, 23, 22, 11, 21, 7, 19, 9, 15, 20, 17, 14, 16, 13, 4, 18, 10, 5, 3, 1, 2, 12, 8]第104代的全局最优为:6.328680300218149
路径[6, 23, 22, 11, 21, 7, 19, 9, 15, 20, 17, 14, 16, 13, 4, 18, 10, 5, 3, 1, 2, 12, 8]第105代的全局最优为:6.328680300218149
路径[6, 23, 22, 11, 21, 7, 19, 9, 15, 20, 17, 14, 16, 13, 4, 18, 10, 5, 3, 1, 2, 12, 8]第106代的全局最优为:6.328680300218149
路径[6, 23, 22, 11, 21, 7, 19, 9, 15, 20, 17, 14, 16, 13, 4, 18, 10, 5, 3, 1, 2, 12, 8]第107代的全局最优为:6.328680300218149
路径[6, 23, 22, 11, 21, 7, 19, 9, 15, 20, 17, 14, 16, 13, 4, 18, 10, 5, 3, 1, 2, 12, 8]第108代的全局最优为:6.328680300218149
路径[6, 23, 22, 11, 21, 7, 19, 9, 15, 20, 17, 14, 16, 13, 4, 18, 10, 5, 3, 1, 2, 12, 8]第109代的全局最优为:6.328680300218149
路径[6, 23, 22, 11, 21, 7, 19, 9, 15, 20, 17, 14, 16, 13, 4, 18, 10, 5, 3, 1, 2, 12, 8]第110代的全局最优为:6.328680300218149
路径[6, 23, 22, 11, 21, 7, 19, 9, 15, 20, 17, 14, 16, 13, 4, 18, 10, 5, 3, 1, 2, 12, 8]第111代的全局最优为:6.328680300218149
路径[6, 23, 22, 11, 21, 7, 19, 9, 15, 20, 17, 14, 16, 13, 4, 18, 10, 5, 3, 1, 2, 12, 8]第112代的全局最优为:6.328680300218149
路径[6, 23, 22, 11, 21, 7, 19, 9, 15, 20, 17, 14, 16, 13, 4, 18, 10, 5, 3, 1, 2, 12, 8]第113代的全局最优为:6.328680300218149
路径[6, 23, 22, 11, 21, 7, 19, 9, 15, 20, 17, 14, 16, 13, 4, 18, 10, 5, 3, 1, 2, 12, 8]第114代的全局最优为:6.328680300218149
路径[6, 23, 22, 11, 21, 7, 19, 9, 15, 20, 17, 14, 16, 13, 4, 18, 10, 5, 3, 1, 2, 12, 8]第115代的全局最优为:6.328680300218149
路径[6, 23, 22, 11, 21, 7, 19, 9, 15, 20, 17, 14, 16, 13, 4, 18, 10, 5, 3, 1, 2, 12, 8]第116代的全局最优为:6.328680300218149
路径[6, 23, 22, 11, 21, 7, 19, 9, 15, 20, 17, 14, 16, 13, 4, 18, 10, 5, 3, 1, 2, 12, 8]第117代的全局最优为:6.328680300218149
路径[6, 23, 22, 11, 21, 7, 19, 9, 15, 20, 17, 14, 16, 13, 4, 18, 10, 5, 3, 1, 2, 12, 8]第118代的全局最优为:6.328680300218149
路径[6, 23, 22, 11, 21, 7, 19, 9, 15, 20, 17, 14, 16, 13, 4, 18, 10, 5, 3, 1, 2, 12, 8]第119代的全局最优为:6.328680300218149
路径[6, 23, 22, 11, 21, 7, 19, 9, 15, 20, 17, 14, 16, 13, 4, 18, 10, 5, 3, 1, 2, 12, 8]第120代的全局最优为:6.328680300218149
路径[6, 23, 22, 11, 21, 7, 19, 9, 15, 20, 17, 14, 16, 13, 4, 18, 10, 5, 3, 1, 2, 12, 8]第121代的全局最优为:6.328680300218149
路径[6, 23, 22, 11, 21, 7, 19, 9, 15, 20, 17, 14, 16, 13, 4, 18, 10, 5, 3, 1, 2, 12, 8]第122代的全局最优为:6.328680300218149
路径[6, 23, 22, 11, 21, 7, 19, 9, 15, 20, 17, 14, 16, 13, 4, 18, 10, 5, 3, 1, 2, 12, 8]第123代的全局最优为:6.328680300218149
路径[6, 23, 22, 11, 21, 7, 19, 9, 15, 20, 17, 14, 16, 13, 4, 18, 10, 5, 3, 1, 2, 12, 8]第124代的全局最优为:6.328680300218149
路径[6, 23, 22, 11, 21, 7, 19, 9, 15, 20, 17, 14, 16, 13, 4, 18, 10, 5, 3, 1, 2, 12, 8]第125代的全局最优为:6.328680300218149
路径[6, 23, 22, 11, 21, 7, 19, 9, 15, 20, 17, 14, 16, 13, 4, 18, 10, 5, 3, 1, 2, 12, 8]第126代的全局最优为:6.328680300218149
路径[6, 23, 22, 11, 21, 7, 19, 9, 15, 20, 17, 14, 16, 13, 4, 18, 10, 5, 3, 1, 2, 12, 8]第127代的全局最优为:6.328680300218149
路径[6, 23, 22, 11, 21, 7, 19, 9, 15, 20, 17, 14, 16, 13, 4, 18, 10, 5, 3, 1, 2, 12, 8]第128代的全局最优为:6.328680300218149
路径[6, 23, 22, 11, 21, 7, 19, 9, 15, 20, 17, 14, 16, 13, 4, 18, 10, 5, 3, 1, 2, 12, 8]第129代的全局最优为:6.328680300218149
路径[6, 23, 22, 11, 21, 7, 19, 9, 15, 20, 17, 14, 16, 13, 4, 18, 10, 5, 3, 1, 2, 12, 8]第130代的全局最优为:6.328680300218149
路径[6, 23, 22, 11, 21, 7, 19, 9, 15, 20, 17, 14, 16, 13, 4, 18, 10, 5, 3, 1, 2, 12, 8]第131代的全局最优为:6.328680300218149
路径[6, 23, 22, 11, 21, 7, 19, 9, 15, 20, 17, 14, 16, 13, 4, 18, 10, 5, 3, 1, 2, 12, 8]第132代的全局最优为:6.328680300218149
路径[6, 23, 22, 11, 21, 7, 19, 9, 15, 20, 17, 14, 16, 13, 4, 18, 10, 5, 3, 1, 2, 12, 8]第133代的全局最优为:6.328680300218149
路径[6, 23, 22, 11, 21, 7, 19, 9, 15, 20, 17, 14, 16, 13, 4, 18, 10, 5, 3, 1, 2, 12, 8]第134代的全局最优为:6.328680300218149
路径[6, 23, 22, 11, 21, 7, 19, 9, 15, 20, 17, 14, 16, 13, 4, 18, 10, 5, 3, 1, 2, 12, 8]第135代的全局最优为:6.328680300218149
路径[6, 23, 22, 11, 21, 7, 19, 9, 15, 20, 17, 14, 16, 13, 4, 18, 10, 5, 3, 1, 2, 12, 8]第136代的全局最优为:6.328680300218149
路径[6, 23, 22, 11, 21, 7, 19, 9, 15, 20, 17, 14, 16, 13, 4, 18, 10, 5, 3, 1, 2, 12, 8]第137代的全局最优为:6.328680300218149
路径[6, 23, 22, 11, 21, 7, 19, 9, 15, 20, 17, 14, 16, 13, 4, 18, 10, 5, 3, 1, 2, 12, 8]第138代的全局最优为:6.328680300218149
路径[6, 23, 22, 11, 21, 7, 19, 9, 15, 20, 17, 14, 16, 13, 4, 18, 10, 5, 3, 1, 2, 12, 8]第139代的全局最优为:6.328680300218149
路径[6, 23, 22, 11, 21, 7, 19, 9, 15, 20, 17, 14, 16, 13, 4, 18, 10, 5, 3, 1, 2, 12, 8]第140代的全局最优为:6.328680300218149
路径[6, 23, 22, 11, 21, 7, 19, 9, 15, 20, 17, 14, 16, 13, 4, 18, 10, 5, 3, 1, 2, 12, 8]第141代的全局最优为:6.328680300218149
路径[6, 23, 22, 11, 21, 7, 19, 9, 15, 20, 17, 14, 16, 13, 4, 18, 10, 5, 3, 1, 2, 12, 8]第142代的全局最优为:6.328680300218149
路径[6, 23, 22, 11, 21, 7, 19, 9, 15, 20, 17, 14, 16, 13, 4, 18, 10, 5, 3, 1, 2, 12, 8]第143代的全局最优为:6.328680300218149
路径[6, 23, 22, 11, 21, 7, 19, 9, 15, 20, 17, 14, 16, 13, 4, 18, 10, 5, 3, 1, 2, 12, 8]第144代的全局最优为:6.328680300218149
路径[6, 23, 22, 11, 21, 7, 19, 9, 15, 20, 17, 14, 16, 13, 4, 18, 10, 5, 3, 1, 2, 12, 8]第145代的全局最优为:6.328680300218149
路径[6, 23, 22, 11, 21, 7, 19, 9, 15, 20, 17, 14, 16, 13, 4, 18, 10, 5, 3, 1, 2, 12, 8]第146代的全局最优为:6.328680300218149
路径[6, 23, 22, 11, 21, 7, 19, 9, 15, 20, 17, 14, 16, 13, 4, 18, 10, 5, 3, 1, 2, 12, 8]第147代的全局最优为:6.328680300218149
路径[6, 23, 22, 11, 21, 7, 19, 9, 15, 20, 17, 14, 16, 13, 4, 18, 10, 5, 3, 1, 2, 12, 8]第148代的全局最优为:6.328680300218149
路径[6, 23, 22, 11, 21, 7, 19, 9, 15, 20, 17, 14, 16, 13, 4, 18, 10, 5, 3, 1, 2, 12, 8]第149代的全局最优为:6.328680300218149
路径[6, 23, 22, 11, 21, 7, 19, 9, 15, 20, 17, 14, 16, 13, 4, 18, 10, 5, 3, 1, 2, 12, 8]第150代的全局最优为:6.328680300218149
路径[6, 23, 22, 11, 21, 7, 19, 9, 15, 20, 17, 14, 16, 13, 4, 18, 10, 5, 3, 1, 2, 12, 8]第151代的全局最优为:6.328680300218149
路径[6, 23, 22, 11, 21, 7, 19, 9, 15, 20, 17, 14, 16, 13, 4, 18, 10, 5, 3, 1, 2, 12, 8]第152代的全局最优为:6.328680300218149
路径[6, 23, 22, 11, 21, 7, 19, 9, 15, 20, 17, 14, 16, 13, 4, 18, 10, 5, 3, 1, 2, 12, 8]第153代的全局最优为:6.328680300218149
路径[6, 23, 22, 11, 21, 7, 19, 9, 15, 20, 17, 14, 16, 13, 4, 18, 10, 5, 3, 1, 2, 12, 8]第154代的全局最优为:6.328680300218149
路径[6, 23, 22, 11, 21, 7, 19, 9, 15, 20, 17, 14, 16, 13, 4, 18, 10, 5, 3, 1, 2, 12, 8]第155代的全局最优为:6.328680300218149
路径[6, 23, 22, 11, 21, 7, 19, 9, 15, 20, 17, 14, 16, 13, 4, 18, 10, 5, 3, 1, 2, 12, 8]第156代的全局最优为:6.328680300218149
路径[6, 23, 22, 11, 21, 7, 19, 9, 15, 20, 17, 14, 16, 13, 4, 18, 10, 5, 3, 1, 2, 12, 8]第157代的全局最优为:6.328680300218149
路径[6, 23, 22, 11, 21, 7, 19, 9, 15, 20, 17, 14, 16, 13, 4, 18, 10, 5, 3, 1, 2, 12, 8]第158代的全局最优为:6.328680300218149
路径[6, 23, 22, 11, 21, 7, 19, 9, 15, 20, 17, 14, 16, 13, 4, 18, 10, 5, 3, 1, 2, 12, 8]第159代的全局最优为:6.328680300218149
路径[6, 23, 22, 11, 21, 7, 19, 9, 15, 20, 17, 14, 16, 13, 4, 18, 10, 5, 3, 1, 2, 12, 8]第160代的全局最优为:6.328680300218149
路径[6, 23, 22, 11, 21, 7, 19, 9, 15, 20, 17, 14, 16, 13, 4, 18, 10, 5, 3, 1, 2, 12, 8]第161代的全局最优为:6.328680300218149
路径[6, 23, 22, 11, 21, 7, 19, 9, 15, 20, 17, 14, 16, 13, 4, 18, 10, 5, 3, 1, 2, 12, 8]第162代的全局最优为:6.328680300218149
路径[6, 23, 22, 11, 21, 7, 19, 9, 15, 20, 17, 14, 16, 13, 4, 18, 10, 5, 3, 1, 2, 12, 8]第163代的全局最优为:6.328680300218149
路径[6, 23, 22, 11, 21, 7, 19, 9, 15, 20, 17, 14, 16, 13, 4, 18, 10, 5, 3, 1, 2, 12, 8]第164代的全局最优为:6.328680300218149
路径[6, 23, 22, 11, 21, 7, 19, 9, 15, 20, 17, 14, 16, 13, 4, 18, 10, 5, 3, 1, 2, 12, 8]第165代的全局最优为:6.328680300218149
路径[6, 23, 22, 11, 21, 7, 19, 9, 15, 20, 17, 14, 16, 13, 4, 18, 10, 5, 3, 1, 2, 12, 8]第166代的全局最优为:6.328680300218149
路径[6, 23, 22, 11, 21, 7, 19, 9, 15, 20, 17, 14, 16, 13, 4, 18, 10, 5, 3, 1, 2, 12, 8]第167代的全局最优为:6.328680300218149
路径[6, 23, 22, 11, 21, 7, 19, 9, 15, 20, 17, 14, 16, 13, 4, 18, 10, 5, 3, 1, 2, 12, 8]第168代的全局最优为:6.328680300218149
路径[6, 23, 22, 11, 21, 7, 19, 9, 15, 20, 17, 14, 16, 13, 4, 18, 10, 5, 3, 1, 2, 12, 8]第169代的全局最优为:6.328680300218149
路径[6, 23, 22, 11, 21, 7, 19, 9, 15, 20, 17, 14, 16, 13, 4, 18, 10, 5, 3, 1, 2, 12, 8]第170代的全局最优为:6.328680300218149
路径[6, 23, 22, 11, 21, 7, 19, 9, 15, 20, 17, 14, 16, 13, 4, 18, 10, 5, 3, 1, 2, 12, 8]第171代的全局最优为:6.328680300218149
路径[6, 23, 22, 11, 21, 7, 19, 9, 15, 20, 17, 14, 16, 13, 4, 18, 10, 5, 3, 1, 2, 12, 8]第172代的全局最优为:6.328680300218149
路径[6, 23, 22, 11, 21, 7, 19, 9, 15, 20, 17, 14, 16, 13, 4, 18, 10, 5, 3, 1, 2, 12, 8]第173代的全局最优为:6.328680300218149
路径[6, 23, 22, 11, 21, 7, 19, 9, 15, 20, 17, 14, 16, 13, 4, 18, 10, 5, 3, 1, 2, 12, 8]第174代的全局最优为:6.328680300218149
路径[6, 23, 22, 11, 21, 7, 19, 9, 15, 20, 17, 14, 16, 13, 4, 18, 10, 5, 3, 1, 2, 12, 8]第175代的全局最优为:6.328680300218149
路径[6, 23, 22, 11, 21, 7, 19, 9, 15, 20, 17, 14, 16, 13, 4, 18, 10, 5, 3, 1, 2, 12, 8]第176代的全局最优为:6.328680300218149
路径[6, 23, 22, 11, 21, 7, 19, 9, 15, 20, 17, 14, 16, 13, 4, 18, 10, 5, 3, 1, 2, 12, 8]第177代的全局最优为:6.328680300218149
路径[6, 23, 22, 11, 21, 7, 19, 9, 15, 20, 17, 14, 16, 13, 4, 18, 10, 5, 3, 1, 2, 12, 8]第178代的全局最优为:6.328680300218149
路径[6, 23, 22, 11, 21, 7, 19, 9, 15, 20, 17, 14, 16, 13, 4, 18, 10, 5, 3, 1, 2, 12, 8]第179代的全局最优为:6.328680300218149
路径[6, 23, 22, 11, 21, 7, 19, 9, 15, 20, 17, 14, 16, 13, 4, 18, 10, 5, 3, 1, 2, 12, 8]第180代的全局最优为:6.328680300218149
路径[6, 23, 22, 11, 21, 7, 19, 9, 15, 20, 17, 14, 16, 13, 4, 18, 10, 5, 3, 1, 2, 12, 8]第181代的全局最优为:6.328680300218149
路径[6, 23, 22, 11, 21, 7, 19, 9, 15, 20, 17, 14, 16, 13, 4, 18, 10, 5, 3, 1, 2, 12, 8]第182代的全局最优为:6.328680300218149
路径[6, 23, 22, 11, 21, 7, 19, 9, 15, 20, 17, 14, 16, 13, 4, 18, 10, 5, 3, 1, 2, 12, 8]第183代的全局最优为:6.328680300218149
路径[6, 23, 22, 11, 21, 7, 19, 9, 15, 20, 17, 14, 16, 13, 4, 18, 10, 5, 3, 1, 2, 12, 8]第184代的全局最优为:6.328680300218149
路径[6, 23, 22, 11, 21, 7, 19, 9, 15, 20, 17, 14, 16, 13, 4, 18, 10, 5, 3, 1, 2, 12, 8]第185代的全局最优为:6.328680300218149
路径[6, 23, 22, 11, 21, 7, 19, 9, 15, 20, 17, 14, 16, 13, 4, 18, 10, 5, 3, 1, 2, 12, 8]第186代的全局最优为:6.328680300218149
路径[6, 23, 22, 11, 21, 7, 19, 9, 15, 20, 17, 14, 16, 13, 4, 18, 10, 5, 3, 1, 2, 12, 8]第187代的全局最优为:6.328680300218149
路径[6, 23, 22, 11, 21, 7, 19, 9, 15, 20, 17, 14, 16, 13, 4, 18, 10, 5, 3, 1, 2, 12, 8]第188代的全局最优为:6.328680300218149
路径[6, 23, 22, 11, 21, 7, 19, 9, 15, 20, 17, 14, 16, 13, 4, 18, 10, 5, 3, 1, 2, 12, 8]第189代的全局最优为:6.328680300218149
路径[6, 23, 22, 11, 21, 7, 19, 9, 15, 20, 17, 14, 16, 13, 4, 18, 10, 5, 3, 1, 2, 12, 8]第190代的全局最优为:6.328680300218149
路径[6, 23, 22, 11, 21, 7, 19, 9, 15, 20, 17, 14, 16, 13, 4, 18, 10, 5, 3, 1, 2, 12, 8]第191代的全局最优为:6.328680300218149
路径[6, 23, 22, 11, 21, 7, 19, 9, 15, 20, 17, 14, 16, 13, 4, 18, 10, 5, 3, 1, 2, 12, 8]第192代的全局最优为:6.328680300218149
路径[6, 23, 22, 11, 21, 7, 19, 9, 15, 20, 17, 14, 16, 13, 4, 18, 10, 5, 3, 1, 2, 12, 8]第193代的全局最优为:6.328680300218149
路径[6, 23, 22, 11, 21, 7, 19, 9, 15, 20, 17, 14, 16, 13, 4, 18, 10, 5, 3, 1, 2, 12, 8]第194代的全局最优为:6.328680300218149
路径[6, 23, 22, 11, 21, 7, 19, 9, 15, 20, 17, 14, 16, 13, 4, 18, 10, 5, 3, 1, 2, 12, 8]第195代的全局最优为:6.328680300218149
路径[6, 23, 22, 11, 21, 7, 19, 9, 15, 20, 17, 14, 16, 13, 4, 18, 10, 5, 3, 1, 2, 12, 8]第196代的全局最优为:6.328680300218149
路径[6, 23, 22, 11, 21, 7, 19, 9, 15, 20, 17, 14, 16, 13, 4, 18, 10, 5, 3, 1, 2, 12, 8]第197代的全局最优为:6.328680300218149
路径[6, 23, 22, 11, 21, 7, 19, 9, 15, 20, 17, 14, 16, 13, 4, 18, 10, 5, 3, 1, 2, 12, 8]第198代的全局最优为:6.328680300218149
路径[6, 23, 22, 11, 21, 7, 19, 9, 15, 20, 17, 14, 16, 13, 4, 18, 10, 5, 3, 1, 2, 12, 8]第199代的全局最优为:6.328680300218149
路径[6, 23, 22, 11, 21, 7, 19, 9, 15, 20, 17, 14, 16, 13, 4, 18, 10, 5, 3, 1, 2, 12, 8]第200代的全局最优为:6.328680300218149
路径[6, 23, 22, 11, 21, 7, 19, 9, 15, 20, 17, 14, 16, 13, 4, 18, 10, 5, 3, 1, 2, 12, 8]第201代的全局最优为:6.328680300218149
路径[6, 23, 22, 11, 21, 7, 19, 9, 15, 20, 17, 14, 16, 13, 4, 18, 10, 5, 3, 1, 2, 12, 8]第202代的全局最优为:6.328680300218149
路径[6, 23, 22, 11, 21, 7, 19, 9, 15, 20, 17, 14, 16, 13, 4, 18, 10, 5, 3, 1, 2, 12, 8]第203代的全局最优为:6.328680300218149
路径[6, 23, 22, 11, 21, 7, 19, 9, 15, 20, 17, 14, 16, 13, 4, 18, 10, 5, 3, 1, 2, 12, 8]第204代的全局最优为:6.328680300218149
路径[6, 23, 22, 11, 21, 7, 19, 9, 15, 20, 17, 14, 16, 13, 4, 18, 10, 5, 3, 1, 2, 12, 8]第205代的全局最优为:6.328680300218149
路径[6, 23, 22, 11, 21, 7, 19, 9, 15, 20, 17, 14, 16, 13, 4, 18, 10, 5, 3, 1, 2, 12, 8]第206代的全局最优为:6.328680300218149
路径[6, 23, 22, 11, 21, 7, 19, 9, 15, 20, 17, 14, 16, 13, 4, 18, 10, 5, 3, 1, 2, 12, 8]第207代的全局最优为:6.328680300218149
路径[6, 23, 22, 11, 21, 7, 19, 9, 15, 20, 17, 14, 16, 13, 4, 18, 10, 5, 3, 1, 2, 12, 8]第208代的全局最优为:6.328680300218149
路径[6, 23, 22, 11, 21, 7, 19, 9, 15, 20, 17, 14, 16, 13, 4, 18, 10, 5, 3, 1, 2, 12, 8]第209代的全局最优为:6.328680300218149
路径[6, 23, 22, 11, 21, 7, 19, 9, 15, 20, 17, 14, 16, 13, 4, 18, 10, 5, 3, 1, 2, 12, 8]第210代的全局最优为:6.328680300218149
路径[6, 23, 22, 11, 21, 7, 19, 9, 15, 20, 17, 14, 16, 13, 4, 18, 10, 5, 3, 1, 2, 12, 8]第211代的全局最优为:6.328680300218149
路径[6, 23, 22, 11, 21, 7, 19, 9, 15, 20, 17, 14, 16, 13, 4, 18, 10, 5, 3, 1, 2, 12, 8]第212代的全局最优为:6.328680300218149
路径[6, 23, 22, 11, 21, 7, 19, 9, 15, 20, 17, 14, 16, 13, 4, 18, 10, 5, 3, 1, 2, 12, 8]第213代的全局最优为:6.328680300218149
路径[6, 23, 22, 11, 21, 7, 19, 9, 15, 20, 17, 14, 16, 13, 4, 18, 10, 5, 3, 1, 2, 12, 8]第214代的全局最优为:6.328680300218149
路径[6, 23, 22, 11, 21, 7, 19, 9, 15, 20, 17, 14, 16, 13, 4, 18, 10, 5, 3, 1, 2, 12, 8]第215代的全局最优为:6.328680300218149
路径[6, 23, 22, 11, 21, 7, 19, 9, 15, 20, 17, 14, 16, 13, 4, 18, 10, 5, 3, 1, 2, 12, 8]第216代的全局最优为:6.328680300218149
路径[6, 23, 22, 11, 21, 7, 19, 9, 15, 20, 17, 14, 16, 13, 4, 18, 10, 5, 3, 1, 2, 12, 8]第217代的全局最优为:6.328680300218149
路径[6, 23, 22, 11, 21, 7, 19, 9, 15, 20, 17, 14, 16, 13, 4, 18, 10, 5, 3, 1, 2, 12, 8]第218代的全局最优为:6.328680300218149
路径[6, 23, 22, 11, 21, 7, 19, 9, 15, 20, 17, 14, 16, 13, 4, 18, 10, 5, 3, 1, 2, 12, 8]第219代的全局最优为:6.328680300218149
路径[6, 23, 22, 11, 21, 7, 19, 9, 15, 20, 17, 14, 16, 13, 4, 18, 10, 5, 3, 1, 2, 12, 8]第220代的全局最优为:6.328680300218149
路径[6, 23, 22, 11, 21, 7, 19, 9, 15, 20, 17, 14, 16, 13, 4, 18, 10, 5, 3, 1, 2, 12, 8]第221代的全局最优为:6.328680300218149
路径[6, 23, 22, 11, 21, 7, 19, 9, 15, 20, 17, 14, 16, 13, 4, 18, 10, 5, 3, 1, 2, 12, 8]第222代的全局最优为:6.328680300218149
路径[6, 23, 22, 11, 21, 7, 19, 9, 15, 20, 17, 14, 16, 13, 4, 18, 10, 5, 3, 1, 2, 12, 8]第223代的全局最优为:6.328680300218149
路径[6, 23, 22, 11, 21, 7, 19, 9, 15, 20, 17, 14, 16, 13, 4, 18, 10, 5, 3, 1, 2, 12, 8]第224代的全局最优为:6.328680300218149
路径[6, 23, 22, 11, 21, 7, 19, 9, 15, 20, 17, 14, 16, 13, 4, 18, 10, 5, 3, 1, 2, 12, 8]第225代的全局最优为:6.328680300218149
路径[6, 23, 22, 11, 21, 7, 19, 9, 15, 20, 17, 14, 16, 13, 4, 18, 10, 5, 3, 1, 2, 12, 8]第226代的全局最优为:6.328680300218149
路径[6, 23, 22, 11, 21, 7, 19, 9, 15, 20, 17, 14, 16, 13, 4, 18, 10, 5, 3, 1, 2, 12, 8]第227代的全局最优为:6.328680300218149
路径[6, 23, 22, 11, 21, 7, 19, 9, 15, 20, 17, 14, 16, 13, 4, 18, 10, 5, 3, 1, 2, 12, 8]第228代的全局最优为:6.328680300218149
路径[6, 23, 22, 11, 21, 7, 19, 9, 15, 20, 17, 14, 16, 13, 4, 18, 10, 5, 3, 1, 2, 12, 8]第229代的全局最优为:6.328680300218149
路径[6, 23, 22, 11, 21, 7, 19, 9, 15, 20, 17, 14, 16, 13, 4, 18, 10, 5, 3, 1, 2, 12, 8]第230代的全局最优为:6.328680300218149
路径[6, 23, 22, 11, 21, 7, 19, 9, 15, 20, 17, 14, 16, 13, 4, 18, 10, 5, 3, 1, 2, 12, 8]第231代的全局最优为:6.328680300218149
路径[6, 23, 22, 11, 21, 7, 19, 9, 15, 20, 17, 14, 16, 13, 4, 18, 10, 5, 3, 1, 2, 12, 8]第232代的全局最优为:6.328680300218149
路径[6, 23, 22, 11, 21, 7, 19, 9, 15, 20, 17, 14, 16, 13, 4, 18, 10, 5, 3, 1, 2, 12, 8]第233代的全局最优为:6.328680300218149
路径[6, 23, 22, 11, 21, 7, 19, 9, 15, 20, 17, 14, 16, 13, 4, 18, 10, 5, 3, 1, 2, 12, 8]第234代的全局最优为:6.328680300218149
路径[6, 23, 22, 11, 21, 7, 19, 9, 15, 20, 17, 14, 16, 13, 4, 18, 10, 5, 3, 1, 2, 12, 8]第235代的全局最优为:6.328680300218149
路径[6, 23, 22, 11, 21, 7, 19, 9, 15, 20, 17, 14, 16, 13, 4, 18, 10, 5, 3, 1, 2, 12, 8]第236代的全局最优为:6.328680300218149
路径[6, 23, 22, 11, 21, 7, 19, 9, 15, 20, 17, 14, 16, 13, 4, 18, 10, 5, 3, 1, 2, 12, 8]第237代的全局最优为:6.328680300218149
路径[6, 23, 22, 11, 21, 7, 19, 9, 15, 20, 17, 14, 16, 13, 4, 18, 10, 5, 3, 1, 2, 12, 8]第238代的全局最优为:6.328680300218149
路径[6, 23, 22, 11, 21, 7, 19, 9, 15, 20, 17, 14, 16, 13, 4, 18, 10, 5, 3, 1, 2, 12, 8]第239代的全局最优为:6.328680300218149
路径[6, 23, 22, 11, 21, 7, 19, 9, 15, 20, 17, 14, 16, 13, 4, 18, 10, 5, 3, 1, 2, 12, 8]第240代的全局最优为:6.328680300218149
路径[6, 23, 22, 11, 21, 7, 19, 9, 15, 20, 17, 14, 16, 13, 4, 18, 10, 5, 3, 1, 2, 12, 8]第241代的全局最优为:6.328680300218149
路径[6, 23, 22, 11, 21, 7, 19, 9, 15, 20, 17, 14, 16, 13, 4, 18, 10, 5, 3, 1, 2, 12, 8]第242代的全局最优为:6.328680300218149
路径[6, 23, 22, 11, 21, 7, 19, 9, 15, 20, 17, 14, 16, 13, 4, 18, 10, 5, 3, 1, 2, 12, 8]第243代的全局最优为:6.328680300218149
路径[6, 23, 22, 11, 21, 7, 19, 9, 15, 20, 17, 14, 16, 13, 4, 18, 10, 5, 3, 1, 2, 12, 8]第244代的全局最优为:6.328680300218149
路径[6, 23, 22, 11, 21, 7, 19, 9, 15, 20, 17, 14, 16, 13, 4, 18, 10, 5, 3, 1, 2, 12, 8]第245代的全局最优为:6.328680300218149
路径[6, 23, 22, 11, 21, 7, 19, 9, 15, 20, 17, 14, 16, 13, 4, 18, 10, 5, 3, 1, 2, 12, 8]第246代的全局最优为:6.328680300218149
路径[6, 23, 22, 11, 21, 7, 19, 9, 15, 20, 17, 14, 16, 13, 4, 18, 10, 5, 3, 1, 2, 12, 8]第247代的全局最优为:6.328680300218149
路径[6, 23, 22, 11, 21, 7, 19, 9, 15, 20, 17, 14, 16, 13, 4, 18, 10, 5, 3, 1, 2, 12, 8]第248代的全局最优为:6.328680300218149
路径[6, 23, 22, 11, 21, 7, 19, 9, 15, 20, 17, 14, 16, 13, 4, 18, 10, 5, 3, 1, 2, 12, 8]第249代的全局最优为:6.328680300218149
路径[6, 23, 22, 11, 21, 7, 19, 9, 15, 20, 17, 14, 16, 13, 4, 18, 10, 5, 3, 1, 2, 12, 8]第250代的全局最优为:6.328680300218149
路径[6, 23, 22, 11, 21, 7, 19, 9, 15, 20, 17, 14, 16, 13, 4, 18, 10, 5, 3, 1, 2, 12, 8]第251代的全局最优为:6.328680300218149
路径[6, 23, 22, 11, 21, 7, 19, 9, 15, 20, 17, 14, 16, 13, 4, 18, 10, 5, 3, 1, 2, 12, 8]第252代的全局最优为:6.328680300218149
路径[6, 23, 22, 11, 21, 7, 19, 9, 15, 20, 17, 14, 16, 13, 4, 18, 10, 5, 3, 1, 2, 12, 8]第253代的全局最优为:6.328680300218149
路径[6, 23, 22, 11, 21, 7, 19, 9, 15, 20, 17, 14, 16, 13, 4, 18, 10, 5, 3, 1, 2, 12, 8]第254代的全局最优为:6.328680300218149
路径[6, 23, 22, 11, 21, 7, 19, 9, 15, 20, 17, 14, 16, 13, 4, 18, 10, 5, 3, 1, 2, 12, 8]第255代的全局最优为:6.328680300218149
路径[6, 23, 22, 11, 21, 7, 19, 9, 15, 20, 17, 14, 16, 13, 4, 18, 10, 5, 3, 1, 2, 12, 8]第256代的全局最优为:6.328680300218149
路径[6, 23, 22, 11, 21, 7, 19, 9, 15, 20, 17, 14, 16, 13, 4, 18, 10, 5, 3, 1, 2, 12, 8]第257代的全局最优为:6.328680300218149
路径[6, 23, 22, 11, 21, 7, 19, 9, 15, 20, 17, 14, 16, 13, 4, 18, 10, 5, 3, 1, 2, 12, 8]第258代的全局最优为:6.328680300218149
路径[6, 23, 22, 11, 21, 7, 19, 9, 15, 20, 17, 14, 16, 13, 4, 18, 10, 5, 3, 1, 2, 12, 8]第259代的全局最优为:6.328680300218149
路径[6, 23, 22, 11, 21, 7, 19, 9, 15, 20, 17, 14, 16, 13, 4, 18, 10, 5, 3, 1, 2, 12, 8]第260代的全局最优为:6.328680300218149
路径[6, 23, 22, 11, 21, 7, 19, 9, 15, 20, 17, 14, 16, 13, 4, 18, 10, 5, 3, 1, 2, 12, 8]第261代的全局最优为:6.328680300218149
路径[6, 23, 22, 11, 21, 7, 19, 9, 15, 20, 17, 14, 16, 13, 4, 18, 10, 5, 3, 1, 2, 12, 8]第262代的全局最优为:6.328680300218149
路径[6, 23, 22, 11, 21, 7, 19, 9, 15, 20, 17, 14, 16, 13, 4, 18, 10, 5, 3, 1, 2, 12, 8]第263代的全局最优为:6.328680300218149
路径[6, 23, 22, 11, 21, 7, 19, 9, 15, 20, 17, 14, 16, 13, 4, 18, 10, 5, 3, 1, 2, 12, 8]第264代的全局最优为:6.328680300218149
路径[6, 23, 22, 11, 21, 7, 19, 9, 15, 20, 17, 14, 16, 13, 4, 18, 10, 5, 3, 1, 2, 12, 8]第265代的全局最优为:6.328680300218149
路径[6, 23, 22, 11, 21, 7, 19, 9, 15, 20, 17, 14, 16, 13, 4, 18, 10, 5, 3, 1, 2, 12, 8]第266代的全局最优为:6.328680300218149
路径[6, 23, 22, 11, 21, 7, 19, 9, 15, 20, 17, 14, 16, 13, 4, 18, 10, 5, 3, 1, 2, 12, 8]第267代的全局最优为:6.328680300218149
路径[6, 23, 22, 11, 21, 7, 19, 9, 15, 20, 17, 14, 16, 13, 4, 18, 10, 5, 3, 1, 2, 12, 8]第268代的全局最优为:6.328680300218149
路径[6, 23, 22, 11, 21, 7, 19, 9, 15, 20, 17, 14, 16, 13, 4, 18, 10, 5, 3, 1, 2, 12, 8]第269代的全局最优为:6.328680300218149
路径[6, 23, 22, 11, 21, 7, 19, 9, 15, 20, 17, 14, 16, 13, 4, 18, 10, 5, 3, 1, 2, 12, 8]第270代的全局最优为:6.328680300218149
路径[6, 23, 22, 11, 21, 7, 19, 9, 15, 20, 17, 14, 16, 13, 4, 18, 10, 5, 3, 1, 2, 12, 8]第271代的全局最优为:6.328680300218149
路径[6, 23, 22, 11, 21, 7, 19, 9, 15, 20, 17, 14, 16, 13, 4, 18, 10, 5, 3, 1, 2, 12, 8]第272代的全局最优为:6.328680300218149
路径[6, 23, 22, 11, 21, 7, 19, 9, 15, 20, 17, 14, 16, 13, 4, 18, 10, 5, 3, 1, 2, 12, 8]第273代的全局最优为:6.328680300218149
路径[6, 23, 22, 11, 21, 7, 19, 9, 15, 20, 17, 14, 16, 13, 4, 18, 10, 5, 3, 1, 2, 12, 8]第274代的全局最优为:6.328680300218149
路径[6, 23, 22, 11, 21, 7, 19, 9, 15, 20, 17, 14, 16, 13, 4, 18, 10, 5, 3, 1, 2, 12, 8]第275代的全局最优为:6.328680300218149
路径[6, 23, 22, 11, 21, 7, 19, 9, 15, 20, 17, 14, 16, 13, 4, 18, 10, 5, 3, 1, 2, 12, 8]第276代的全局最优为:6.328680300218149
路径[6, 23, 22, 11, 21, 7, 19, 9, 15, 20, 17, 14, 16, 13, 4, 18, 10, 5, 3, 1, 2, 12, 8]第277代的全局最优为:6.328680300218149
路径[6, 23, 22, 11, 21, 7, 19, 9, 15, 20, 17, 14, 16, 13, 4, 18, 10, 5, 3, 1, 2, 12, 8]第278代的全局最优为:6.328680300218149
路径[6, 23, 22, 11, 21, 7, 19, 9, 15, 20, 17, 14, 16, 13, 4, 18, 10, 5, 3, 1, 2, 12, 8]第279代的全局最优为:6.328680300218149
路径[6, 23, 22, 11, 21, 7, 19, 9, 15, 20, 17, 14, 16, 13, 4, 18, 10, 5, 3, 1, 2, 12, 8]第280代的全局最优为:6.328680300218149
路径[6, 23, 22, 11, 21, 7, 19, 9, 15, 20, 17, 14, 16, 13, 4, 18, 10, 5, 3, 1, 2, 12, 8]第281代的全局最优为:6.328680300218149
路径[6, 23, 22, 11, 21, 7, 19, 9, 15, 20, 17, 14, 16, 13, 4, 18, 10, 5, 3, 1, 2, 12, 8]第282代的全局最优为:6.328680300218149
路径[6, 23, 22, 11, 21, 7, 19, 9, 15, 20, 17, 14, 16, 13, 4, 18, 10, 5, 3, 1, 2, 12, 8]第283代的全局最优为:6.328680300218149
路径[6, 23, 22, 11, 21, 7, 19, 9, 15, 20, 17, 14, 16, 13, 4, 18, 10, 5, 3, 1, 2, 12, 8]第284代的全局最优为:6.328680300218149
路径[6, 23, 22, 11, 21, 7, 19, 9, 15, 20, 17, 14, 16, 13, 4, 18, 10, 5, 3, 1, 2, 12, 8]第285代的全局最优为:6.328680300218149
路径[6, 23, 22, 11, 21, 7, 19, 9, 15, 20, 17, 14, 16, 13, 4, 18, 10, 5, 3, 1, 2, 12, 8]第286代的全局最优为:6.328680300218149
路径[6, 23, 22, 11, 21, 7, 19, 9, 15, 20, 17, 14, 16, 13, 4, 18, 10, 5, 3, 1, 2, 12, 8]第287代的全局最优为:6.328680300218149
路径[6, 23, 22, 11, 21, 7, 19, 9, 15, 20, 17, 14, 16, 13, 4, 18, 10, 5, 3, 1, 2, 12, 8]第288代的全局最优为:6.328680300218149
路径[6, 23, 22, 11, 21, 7, 19, 9, 15, 20, 17, 14, 16, 13, 4, 18, 10, 5, 3, 1, 2, 12, 8]第289代的全局最优为:6.328680300218149
路径[6, 23, 22, 11, 21, 7, 19, 9, 15, 20, 17, 14, 16, 13, 4, 18, 10, 5, 3, 1, 2, 12, 8]第290代的全局最优为:6.328680300218149
路径[6, 23, 22, 11, 21, 7, 19, 9, 15, 20, 17, 14, 16, 13, 4, 18, 10, 5, 3, 1, 2, 12, 8]第291代的全局最优为:6.328680300218149
路径[6, 23, 22, 11, 21, 7, 19, 9, 15, 20, 17, 14, 16, 13, 4, 18, 10, 5, 3, 1, 2, 12, 8]第292代的全局最优为:6.328680300218149
路径[6, 23, 22, 11, 21, 7, 19, 9, 15, 20, 17, 14, 16, 13, 4, 18, 10, 5, 3, 1, 2, 12, 8]第293代的全局最优为:6.328680300218149
路径[6, 23, 22, 11, 21, 7, 19, 9, 15, 20, 17, 14, 16, 13, 4, 18, 10, 5, 3, 1, 2, 12, 8]第294代的全局最优为:6.328680300218149
路径[6, 23, 22, 11, 21, 7, 19, 9, 15, 20, 17, 14, 16, 13, 4, 18, 10, 5, 3, 1, 2, 12, 8]第295代的全局最优为:6.328680300218149
路径[6, 23, 22, 11, 21, 7, 19, 9, 15, 20, 17, 14, 16, 13, 4, 18, 10, 5, 3, 1, 2, 12, 8]第296代的全局最优为:6.328680300218149
路径[6, 23, 22, 11, 21, 7, 19, 9, 15, 20, 17, 14, 16, 13, 4, 18, 10, 5, 3, 1, 2, 12, 8]第297代的全局最优为:6.328680300218149
路径[6, 23, 22, 11, 21, 7, 19, 9, 15, 20, 17, 14, 16, 13, 4, 18, 10, 5, 3, 1, 2, 12, 8]第298代的全局最优为:6.328680300218149
路径[6, 23, 22, 11, 21, 7, 19, 9, 15, 20, 17, 14, 16, 13, 4, 18, 10, 5, 3, 1, 2, 12, 8]第299代的全局最优为:6.328680300218149
路径[6, 23, 22, 11, 21, 7, 19, 9, 15, 20, 17, 14, 16, 13, 4, 18, 10, 5, 3, 1, 2, 12, 8]第300代的全局最优为:6.328680300218149
最优解得路径为：
第1条路径:[120.10208045460568, 30.30385734107755]
第2条路径:[120.12975630335826, 30.329071540703026]
第3条路径:[120.17871410117165, 30.251713945814448]
第4条路径:[120.17148553648997, 30.310167211109682]->[120.1998195114828, 30.313308444438878]
第5条路径:[120.1991678149825, 30.283147282709077]
第6条路径:[120.10633621141761, 30.279621387188776]->[120.11867167986912, 30.243949062427433]->[120.1093170403052, 30.327581773094387]->[120.1663901117333, 30.329390402909038]->[120.19384817284751, 30.3148764119662]->[120.12993638155, 30.233687374645903]->[120.19938300216269, 30.241084483561675]->[120.16132709851536, 30.26993610525515]->[120.14134862304405, 30.272910882325476]->[120.13323508830406, 30.295944409131792]->[120.13535755277118, 30.27231061649803]->[120.14551459148248, 30.31659746233546]->[120.18522771149132, 30.30968673788928]
